1.57782711 1.57782711
1.57773438 1.59892060
1.57652268 1.61928537
1.57423209 1.63892079
1.57090273 1.65782627
1.56657468 1.67600119
1.56128806 1.69344493
1.55508294 1.71015689
1.54799945 1.72613645
1.54007766 1.74138300
1.53135769 1.75589592
1.52187963 1.76967461
1.51168357 1.78271846
1.50080963 1.79502684
1.48929789 1.80659915
1.47718845 1.81743478
1.46452142 1.82753312
1.45133689 1.83689354
1.43767496 1.84551545
1.42357573 1.85339822
1.40907929 1.86054125
1.39422575 1.86694392
1.37905521 1.87260562
1.36360776 1.87752574
1.34792350 1.88170367
1.33204253 1.88513879
1.31600495 1.88783049
1.29985086 1.88977816
1.28362035 1.89098119
1.26735353 1.89143897
1.25109049 1.89115087
1.23487133 1.89011630
1.21873615 1.88833464
1.20272505 1.88580528
1.18687813 1.88252759
1.17123549 1.87850098
1.15583722 1.87372484
1.14072342 1.86819853
1.12593419 1.86192147
1.11150964 1.85489302
1.09748969 1.84711314
1.08391060 1.83859419
1.07080494 1.82936093
1.05820514 1.81943863
1.04614363 1.80885257
1.03465283 1.79762805
1.02376516 1.78579033
1.01351305 1.77336469
1.00392892 1.76037643
0.99504520 1.74685081
0.98689430 1.73281311
0.97950866 1.71828863
0.97291989 1.70330335
0.96714279 1.68789820
0.96217630 1.67212812
0.95801876 1.65604865
0.95466851 1.63971530
0.95212387 1.62318359
0.95038318 1.60650902
0.94944476 1.58974712
0.94930696 1.57295340
0.94996811 1.55618337
0.95142653 1.53949257
0.95368056 1.52293649
0.95672853 1.50657065
0.96056878 1.49045058
0.96519964 1.47463178
0.97061943 1.45916978
0.97682650 1.44412008
0.98381917 1.42953821
0.99159578 1.41547968
1.00015466 1.40200001
1.00948636 1.38914612
1.01946675 1.37683819
1.02988412 1.36489968
1.04052466 1.35315167
1.05122582 1.34145817
1.06196413 1.32979968
1.07273949 1.31817627
1.08355181 1.30658799
1.09440098 1.29503491
1.10528692 1.28351710
1.11620951 1.27203461
1.12716867 1.26058752
1.13816429 1.24917589
1.14919628 1.23779977
1.16026454 1.22645924
1.17136897 1.21515435
1.18250947 1.20388518
1.19368595 1.19265178
1.20489830 1.18145423
1.21614643 1.17029257
1.22743024 1.15916688
1.23874964 1.14807723
1.25010451 1.13702367
1.26149477 1.12600626
1.27292032 1.11502508
1.28438106 1.10408019
1.29587689 1.09317165
1.30740772 1.08229952
1.31897344 1.07146387
1.33057395 1.06066476
1.34220917 1.04990225
1.35387898 1.03917642
1.36558376 1.02848787
1.37738063 1.01790483
1.38943751 1.00762744
1.40193508 0.99787113
1.41503558 0.98883455
1.42875370 0.98058294
1.44303344 0.97311756
1.45781838 0.96643929
1.47305209 0.96054900
1.48867814 0.95544758
1.50464009 0.95113588
1.52088153 0.94761480
1.53734601 0.94488520
1.55397711 0.94294796
1.57071839 0.94180395
1.58751344 0.94145405
1.60430581 0.94189913
1.62103908 0.94314007
1.63765681 0.94517774
1.65410258 0.94801302
1.67031996 0.95164678
1.68625252 0.95607990
1.70184382 0.96131325
1.71703744 0.96734771
1.73177990 0.97418097
1.74603604 0.98179116
1.75977765 0.99014888
1.77297655 0.99922478
1.78560455 1.00898945
1.79763347 1.01941353
1.80903512 1.03046763
1.81978132 1.04212237
1.82984416 1.05434822
1.83923600 1.06709487
1.84805088 1.08026987
1.85639268 1.09377566
1.86436534 1.10751468
1.87207274 1.12138938
1.87965401 1.13529625
1.88737531 1.14911030
1.89553144 1.16270171
1.90440689 1.17594315
1.91410545 1.18875112
1.92457730 1.20107936
1.93576772 1.21288279
1.94762202 1.22411635
1.96008546 1.23473496
1.97310335 1.24469355
1.98662098 1.25394705
2.00058362 1.26245038
2.01493657 1.27015847
2.02962512 1.27702625
2.04459455 1.28300865
2.05979016 1.28806060
2.07515723 1.29213701
2.09064713 1.29521266
2.10624060 1.29735828
2.12192727 1.29867363
2.13769680 1.29925846
2.15353880 1.29921254
2.16944292 1.29863562
2.18539879 1.29762746
2.20139604 1.29628782
2.21742432 1.29471646
2.23347326 1.29301314
2.24953250 1.29127760
2.26559166 1.28960963
2.28164039 1.28810896
2.29766833 1.28687536
2.31366510 1.28600860
2.32962034 1.28560842
2.34552369 1.28577458
2.36136479 1.28660685
2.37713327 1.28820498
2.39281877 1.29066873
2.40841092 1.29409786
2.42389935 1.29859213
2.43927371 1.30425130
2.45452363 1.31117512