1.5774826380511335 1.55022174997264
1.5774477026919307 1.5468928283725347
1.5750763368211909 1.5398208865525487
1.5763970632483457 1.5399342792273676
1.577859211126712 1.5434518295682704
1.5771600059957165 1.5433120043006352
1.5785056749269126 1.5469760481760393
1.577780071509155 1.544907326220325
1.5776655587462605 1.5434338051946008
1.577559235254277 1.5429210108624873
1.5774983960131446 1.5426311836380253
1.5774478766808842 1.5422359186556063
1.5774077814371767 1.5416244806602362
1.5773893973406603 1.5409909109506128
1.5774026339920877 1.5403606315023595
1.5773890522916023 1.5397448182141629
1.5773834279959895 1.539096597681947
1.5773973434314836 1.5384527529753727
1.5774007181333993 1.5377871923890536
1.5773865938770908 1.5373424484771652
1.5774089303458683 1.5366775959130183
1.5774206992390842 1.5359923642345386
1.5774100208809525 1.5353193379886165
1.5774224479622037 1.534658265356338
1.5774281633215803 1.5339748809745704
1.5774082613951268 1.5333333649171967
1.57743049328166 1.5327242608437053
1.5774417807680656 1.5320670557060991
1.577432267281582 1.531430178738704
1.577445132503191 1.5307837634229287
1.57745233476309 1.5301294632227753
1.5774293264658557 1.529519321557981
1.5774253413190342 1.5288616817049159
1.5774435864372591 1.5282246835537918
1.577437182677198 1.527580585540037
1.5774555599192264 1.5269542785969243
1.5774650841036864 1.5262974731675878
1.5774673316702168 1.5256319957838307
1.5774584977311983 1.525085637532977
1.5774756151518132 1.5244320635212996
1.577466743565952 1.5237816054343114
1.5774850686493334 1.5231359479693027
1.5774947022144579 1.5224719717722743
1.577495366626259 1.5217977273776537
1.5774830911490643 1.5212859412687887
1.5775026735739444 1.5206237981595077
1.577491832127581 1.519975563289717
1.5774876191774398 1.5193031620339752
1.5775028409960408 1.518641439497595
1.5775082493976618 1.5179557344958543
1.577495297403015 1.5174691688133648
1.5775185244272216 1.516808598807113
1.5775071029238865 1.516154530377958
1.5775033244473644 1.5154823420593238
1.577521275761518 1.5148182480738275
1.5775293190056592 1.5141323079840159
1.5775142025890208 1.513683217223866
1.577539346639498 1.5130165805272595
1.5775524761635762 1.5123299092251867
1.5775426746044572 1.5116626307531076
1.5775574386369406 1.510995620787339
1.577564571491595 1.510325007081452
1.5775421599843262 1.509672859403197
1.5775382798021194 1.509018192373303
1.5775559800306733 1.508386666381003
1.577551279206839 1.5077426107993142
1.5775700448306398 1.5071178917794075
1.5775794542665862 1.5064610783921575
1.5775560817471967 1.5058364998724134
1.5775522138158964 1.5051820330950951
1.5775752263218616 1.5045503075252646
1.5775693286474166 1.503908769042063
1.5775898710274234 1.5032875820396006
1.5776005373545399 1.5026246605339408
1.5776019494848383 1.5019512868810307
1.5775914959307031 1.5014155491287586
1.5776108273780045 1.5007622509168153
1.5776019106272143 1.5001176081071295
1.5775985789957825 1.4994488493559133
1.5776135855774343 1.498790204299939
1.5776187580053969 1.4981081031526415
1.5776069094485516 1.4976032179431789
1.5776306697681413 1.4969458174789894
1.577621207411766 1.4963013526090276
1.5776174765170918 1.495630085264964
1.5776349591947139 1.4949680822651676
1.5776421960322782 1.4942853648028163
1.5776275306906518 1.4938183053325846
1.5776261060488073 1.4931317374189699
1.5776446920910303 1.4924580457990386
1.577641036453122 1.491791080582349
1.5776593721043257 1.4911328913007633
1.5776679557116446 1.4904706223615682
1.5776482356562946 1.4898209834271385
1.577645853547155 1.48916843413483
1.577665267581466 1.4885359220938588
1.577662190793673 1.4878936768144468
1.5776819893632137 1.487270311709555
1.5776913856378645 1.4866154501177904
1.5776687671893455 1.4859889723554351
1.5776649695837834 1.4853357145885369
1.5776868425016504 1.4847070491340946
1.5776821600157271 1.4840657898702614
1.5777032657104388 1.4834461853892662
1.57771329026092 1.4827879034891154
1.5777141501907546 1.4821172773264764
1.5777039529170889 1.4815615346616084
1.5777224782655286 1.4809094419809448
1.5777145870909963 1.4802666387738246
1.5777108331233558 1.4795995318244934
1.5777253335107901 1.4789429528731184
1.577730042911982 1.4782632599101795
1.577719004499701 1.4777421435668203
1.577742509046841 1.477087580858798
1.5777338992716576 1.476445869929969
1.5777302791199495 1.4757764875214756
1.5777470673573035 1.4751172736873015
1.5777536578456592 1.474437700670748
1.5777396629276967 1.4739549577459752
1.5777650027049674 1.4732941758858147
1.5777561602882424 1.4726500665846098
1.5777527612588151 1.471976038457438
1.5777718812235533 1.47131124841269
1.5777798304721622 1.470643584752585
1.5777607873096218 1.469992263474618
1.5777584773716584 1.4693372276538241
1.577778137913433 1.4687076299603268
1.5777750208338481 1.4680626146378954
1.577794364607212 1.467437184469274
1.577803630076597 1.466778715887788
1.5777818080929784 1.4661515601682276
1.5777781000584183 1.46549748197682
1.577799309155453 1.4648687294501814
1.577796214126097 1.464229260837324
1.577816834527509 1.4636037576349226
1.5778264685871317 1.462946552621333
1.5778019786001216 1.4623206142774101
1.5777970463279323 1.4616654943816978
1.5778212921319361 1.4610399370809082
1.5778171573813873 1.4604032060844245
1.5778166763638541 1.4597448292947386
1.577831622633134 1.4591049225999948
1.577836647061427 1.458442070902223
1.5778274866726052 1.4579066932030962
1.5778514624615194 1.4572508515385256
1.5778445574479285 1.4566078857679472
1.5778411536669632 1.455937831051304
1.5778576466942784 1.4552784920190083
1.5778638769787507 1.4545983337144426
1.57785134305527 1.4540870739150717
1.5778771258077346 1.4534273926607946
1.5778681666320062 1.4527874584746334
1.5778647382371915 1.452117946302923
1.5778839882140936 1.4514557376313844
1.5778912720953282 1.4507906837255746
1.5778736160814626 1.4501525333687688
1.5778716544940905 1.4494972072937835
1.5778906223815026 1.4488648823888854
1.5778872685714065 1.4482213303810185
1.577907842222591 1.4475720630748112
1.5779161812335967 1.4469210422577352
1.5778952470661618 1.4463080922403893
1.5778915854787594 1.4456544944991532
1.5779130012259779 1.4450255559511491
1.5779095982482352 1.4443867100430567
1.5779308128230751 1.4437406836232423
1.5779405304522187 1.4430853359238114
1.5779200916375666 1.4427108385834617
1.5779131236354984 1.4420033665057503
1.577936285971023 1.441324515140371
1.5779306370397086 1.44066459488887
1.5779292629048909 1.439979358445866
1.5779439371880473 1.4393077244934271
1.5779484921754843 1.4386108602144243
1.577939676041631 1.437970125679452
1.577961373369799 1.4373494418019896
1.5779546671651343 1.4367203841801344
1.5779516889628706 1.4360634558163545
1.5779672177919484 1.4354284505835153
1.577972840476875 1.4347704036872317
1.5779611054703528 1.4341328694122688
1.5779846235506103 1.4335087080411935
1.577976571945114 1.4328879460083128
1.5779738165334405 1.4322362870400331
1.5779919323685092 1.4315967839650754
1.5779987247469183 1.4309405247742393
1.57798325811995 1.430305672038606
1.5779822346241863 1.4296513196335534
1.5779799076976868 1.4290303627673262
1.5779811957555139 1.4283827761728325
1.578004811471008 1.4277556673218212
1.578014402638056 1.427099714739888
1.5779973928123623 1.4264707373058036
1.5779962267165795 1.4258161490026078
1.5780190555025662 1.4251836061912309
1.5780172938661199 1.42454442984653
1.5780398882595965 1.423897770789554
1.5780493769391202 1.4232430381965944
1.5780298649697728 1.4228441077937308
1.5780240462449582 1.4221419203583547
1.5780484349503276 1.4214641115928126
1.578044387011936 1.4208051819622107
1.5780436246880325 1.420117433946258
1.5780572090235667 1.4194486364394963
1.5780361728823034 1.4187996149721582
1.5780325130048027 1.418142479371104
1.5780610891253697 1.4175180957727713
1.5780590455981425 1.4168795931685048
1.578058246105826 1.4162216206747935
1.578073624251009 1.4156675072137663
1.5780802107179002 1.4149927308018218
1.5780697758311397 1.4143320856512798
1.5780937587232786 1.413688760902126
1.578087583397147 1.4130558525723287
1.578085464310903 1.4123995546802697
1.5781033454417268 1.4117450333389772
1.578109718719905 1.4110824807091726
1.578096067267872 1.4105866665407631
1.5780936170007673 1.4099038313226964
1.578091892130689 1.4092698138669695
1.5780933214684356 1.4086052418837212
1.5781170332889507 1.4079427337815165
1.5781268534615074 1.4072781675143744
1.578110265464035 1.406626259087585
1.578109038868536 1.4059701755444192
1.5781089048583143 1.40535392929065
1.5781113894193985 1.4047090803579039
1.5781373826326281 1.40408790482459
1.578147417728956 1.403429598860883
1.5781283609436803 1.4027978290737873
1.57812615336172 1.4021423544100688
1.5781511432231774 1.4015140759741318
1.578149719168149 1.4008755593037576
1.578151229952421 1.4002155087914938
1.5781639994633714 1.399602386207204
1.57814435312583 1.3989534536294728
1.5781417353698626 1.3982972576003674
1.5781698747723605 1.3976723324376112
1.5781690764969944 1.397037684043573
1.5781691503040909 1.396379546119466
1.5781844865586303 1.3957453303110405
1.5781647288371345 1.3951033451316321
1.5781609064835675 1.3944520591446459
1.5781910067880995 1.3938440448905043
1.578189153766147 1.3932061954902282
1.57818959650494 1.3925398931392563
1.5782059287219539 1.3920129739682843
1.5782135930710368 1.3913333297393196
1.5782012770851832 1.3906691417164991
1.5782003700846974 1.3899873047552087
1.5782003088230718 1.3893603951116056
1.5782026832858864 1.3887060850892803
1.578225226242201 1.3880670608543826
1.5782347510284407 1.3874132732428501
1.5782203687181071 1.3867843351463094
1.5782199720843508 1.3861303949233341
1.5782207972135966 1.3855145692280613
1.5782235761992622 1.3848690807743367
1.5782489249253804 1.3842405789254104
1.578258860172763 1.3835843311103109
1.5782410165399763 1.3829534276419153
1.5782390996918807 1.3822985322363026
1.5782632066214 1.381671104005437
1.5782619928137867 1.3810320861392646
1.5782642084732492 1.3803724812178495
1.578276351691456 1.3797184117364785
1.5782605367965445 1.379305703862261
1.57825664824113 1.3786078326043558
1.578284511804522 1.3779341710452195
1.5782830073399876 1.377279146359478
1.5782828984265396 1.3765954548892543
1.5782975888571775 1.3759280498072803
1.5782779747906588 1.375281680421707
1.578273971540567 1.374626592220415
1.5783037230074048 1.3740012982143217
1.5783018856743014 1.3733691017313152
1.578301989591118 1.3727057567885383
1.5783174635853354 1.3721770732093705
1.5783225277419606 1.371495739963709
1.578311800148816 1.3708306043480696
1.5783113568893292 1.3701433966450975
1.5783118679054595 1.369515698797241
1.578314381468164 1.3688614677390063
1.5783358983045535 1.3682199034269276
1.578344705200104 1.3675675096413034
1.5783317619216868 1.3669381597538766
1.578330747665801 1.3662854275104903
1.578332058200798 1.3656685898350422
1.5783349603912324 1.365023254447519
1.5783592676933744 1.3643969413070736
1.5783693067330724 1.363741835339739
1.578352732618371 1.3631085300139245
1.5783530114953548 1.3624536196135022
1.5783545118740319 1.3618413758604222
1.5783573614720086 1.3611978951453927
1.578384151234924 1.3605716223259887
1.5783944444230584 1.359911229980522
1.5783746668674195 1.3592817369265346
1.5783713114320594 1.3586217403929333
1.5783923909590385 1.358202777158141
1.5783920159817315 1.3575267719268123
1.5783925404221966 1.3568180223354709
1.5784071880335222 1.356138544296813
1.5783880842679043 1.3554817062386644
1.5783844549994646 1.3548148696366924
1.5784137649691297 1.3541637982327004
1.5784130629525204 1.3535290352111866
1.5784133484532996 1.3528637088786828
1.5784280746269357 1.3523246002351892
1.578408492612949 1.351668087140313
1.5784033738425105 1.3509965005660831
1.5784093207440746 1.3503020764213944
1.5784128905537838 1.349673094986407
1.5784176190545576 1.3490110328344966
1.5784373944196184 1.3485150511566055
1.578446901166191 1.3478317991277258
1.5784357846433272 1.3471603855305754
1.5784373073695366 1.346463700363534
1.5784399404468434 1.3458413091418313
1.578443645477353 1.3451894621752079
1.5784676494538263 1.3445459294692337
1.578477528568003 1.343893059083653
1.5784626893341231 1.3432658072409907
1.5784613197175423 1.3426119083296946
1.5784637363088185 1.3419984104545744
1.57846708432704 1.3413545416929387
1.578493167733775 1.3407288219436932
1.578503541507554 1.3400694300254945
1.5784849206686487 1.3394378259505855
1.5784822286703788 1.3387783822692365
1.5785029124067644 1.3383552455379633
1.578503026138308 1.3376797365443414
1.578504333280288 1.3369773639343754
1.5785180289924552 1.3362980203387245
1.5784995707213307 1.335640077134554
1.578496329485416 1.3349731514640792
1.5785252936928615 1.3343209662839783
1.5785250940455147 1.3336846189068938
1.578525389452189 1.3330242803285937
1.5785402097904053 1.3323692852135796
1.5785215154061953 1.3317606004993061
1.5785168749262832 1.3311061358362022
1.5785463783337284 1.3304872208922403
1.5785452883169406 1.3298549718715986
1.578546000642912 1.32918550145033
1.5785616994932277 1.3286737181141943
1.5785686013878728 1.3279833168968267
1.578556715915482 1.3273168690114403
1.5785555242140945 1.3266264948679052
1.5785572081434416 1.326001776940909
1.5785598524503244 1.3253486686699352
1.5785817588998892 1.3246980679520466
1.5785900977317733 1.324046611777053
1.5785763488845166 1.3234198112299218
1.5785738076429128 1.3227737173113858
1.5785763390466836 1.3221585706119452
1.5785795304020143 1.3215135343952724
1.5786043499050102 1.320876628590823
1.5786141735840271 1.320222325961377
1.5785968920916142 1.3195922716323667
1.578593490514584 1.3189422959242347
1.5785965103454318 1.3183310464347442
1.5786000548921975 1.317687826834023
1.5786046593677168 1.3170283115838617
1.578618954009502 1.316382938663627
1.5786036259176142 1.3157510899331586
1.578602601027052 1.3150972918621164
1.5786313030646866 1.3144751422634866
1.5786321417010039 1.3138384961900353
1.5786339405099274 1.3131784245066769
1.578648282436914 1.3125246641100152
1.5786335787896904 1.3121175886195413
1.5786284427253234 1.3114179148849183
1.5786588099346175 1.3107438042189015
1.5786580465740556 1.3100917777076007
1.578658636715539 1.3093976367352007
1.5786756293894746 1.308733169396756
1.5786559972072522 1.3080906962222403
1.5786497602104756 1.30743068466382
1.5786535305027274 1.3067485368602731
1.5786574022426174 1.3063551980939179
1.5786624043817437 1.3056650737201936
1.5786868274700183 1.304979280000271
1.578696296442098 1.304297981907459
1.5786836369259676 1.303633251428084
1.5786822199007484 1.3029486618725972
1.5786854428183594 1.302328160560889
1.5786889818165428 1.3016767981215736
1.5787131315843148 1.301025479929849
1.5787224871242935 1.30037326587893
1.5787066954425468 1.2997479963649619
1.5787032654028688 1.299101782840097
1.578706450885706 1.298488852172978
1.5787100448686815 1.2978447222128078
1.5787144804439994 1.2971820532229468
1.5787278526793738 1.2965679493631481
1.5787130176641637 1.2959136800908857
1.5787125997300546 1.2952565297341254
1.578718685907305 1.294650006825166
1.5787241595794579 1.2940072924800639
1.578729991079755 1.2933441514039987
1.5787463402110327 1.2927065053385292
1.5787314170114681 1.2920736324375555
1.5787299634715295 1.2914199026934832
1.578760646210272 1.2908020077601159
1.5787618756316553 1.2901664220998539
1.5787636354159607 1.289501761890195
1.5787781887146606 1.2889730382591096
1.578759996483464 1.2883155116423486
1.5787550841863414 1.2876420680533023
1.578760790850578 1.286948446845065
1.5787660828021282 1.2863192607217595
1.5787713531252614 1.2856521142713455
1.5787904377504014 1.285158901085565
1.578800167796771 1.2844759699108954
1.5787897545213987 1.2838073431735475
1.5787898752049618 1.2831139502146918
1.5787938751905057 1.282490603568687
1.57879786751773 1.281839085872657
1.5788212625035998 1.28118727332183
1.5788302386027786 1.2805345969051327
1.5788163112858362 1.2799026803182687
1.578813735584751 1.2792548526892888
1.5788172075770857 1.2786411500506618
1.578820878749242 1.2779974388095
1.5788464019072725 1.2773552481354404
1.5788562494213736 1.2767019052104713
1.578838693131229 1.2760745949899002
1.5788342109272941 1.2754277361015787
1.5788380190759383 1.2748174765561837
1.578841847113969 1.274174633715869
1.5788458882600513 1.2735140678003725
1.578860478443731 1.2728602377843854
1.5788455509474715 1.2722423666132223
1.5788439529133518 1.2715867187972565
1.578873411477798 1.270958903040046
1.5788743980899627 1.2703219014294558
1.5788760601637635 1.2696611778364308
1.5788907909366183 1.2690075495050783
1.578873388363049 1.2683973276471963
1.5788689290659923 1.267739902123631
1.5788988222582665 1.2671342612514074
1.5788988252914395 1.266498726178244
1.5788999802720758 1.2658248082884807
1.5789149464584895 1.2653169011423582
1.5788961653118476 1.2646588677024888
1.578889226828378 1.263980889501177
1.5788928904959243 1.2632765861344013
1.578898640403943 1.262650400845559
1.5789039762916277 1.2619909717116091
1.5789271394012119 1.2613620289152547
1.5789363498098143 1.2607038017108056
1.5789242474783816 1.2600661836278733
1.5789227938757355 1.259409270292496
1.57892466772933 1.259139401369795
1.5789289615642181 1.2584209884183637
1.5789575017456403 1.2577083142585983
1.57896770410045 1.2570118148387113
1.5789493131782757 1.256334787055431
1.5789446375015894 1.2556535736768375
1.578948161111408 1.2550288029920413
1.5789518643644058 1.2543705111994108
1.5789557075718126 1.2536977602873467
1.578969753102626 1.2530391400282654
1.5789549984431401 1.2523910510387715
1.57895389091139 1.2517336565482997
1.5789766942638233 1.2513412456180768
1.5789788118924175 1.2506625037739425
1.5789813452680892 1.2499527068350378
1.578997153427482 1.249271464539352
1.57897981873329 1.248614358620585
1.5789760065657965 1.2479449735821628
1.5790064880629437 1.2472916395202713
1.5790067152909641 1.2466544678304232
1.5790078279373467 1.2459846856815284
1.57902376510844 1.2453341191014957
1.579005142175973 1.2447255761945843
1.5789993047381994 1.244070646290544
1.5790031953821457 1.2433954840421229
1.5790072298500566 1.2429881146428585
1.5790124119928781 1.242298821685609
1.5790361019120596 1.241614850464133
1.5790185117766244 1.2409624190364672
1.5790120573543331 1.2402889791063394
1.57901709457287 1.2395895307908857
1.5790238602609452 1.2389682710481664
1.579030001289932 1.2383169609545908
1.5790552222765386 1.2376865113915254
1.5790656143420339 1.2370307125825823
1.5790520842718991 1.2363936200522578
1.5790500695924639 1.2357385683866657
1.5790522686685458 1.2355125490213392
1.579057053035597 1.2347855509000814
1.5790618108669405 1.2340309320571838
1.5790768433134674 1.23333000583256
1.5790622759605548 1.2326509749749515
1.5790619302875317 1.231961343735573
1.579068198161584 1.2313425304837244
1.5790741011503762 1.2306909322285695
1.5790795019711032 1.2300190138251275
1.579095652637124 1.229360679340663
1.579081606628271 1.2287149154764327
1.5790804506604164 1.228060855988168
1.5791107024023212 1.2274428292745638
1.579112199044439 1.2268056906808256
1.5791143374813197 1.2261447086363146
1.5791297879731736 1.2254940048032632
1.579112451470082 1.2248810776459333
1.5791077810968706 1.2242232358319913
1.5791377002338927 1.2236171034503174
1.5791379110545118 1.2229820929842248
1.5791392009045948 1.2223079690955228
1.5791544500210033 1.2218063234351288
1.5791356012274353 1.2211475394173716
1.5791283031395031 1.220468050631995
1.5791319170030371 1.2197617482157148
1.5791377894401568 1.219135684750297
1.5791431964584632 1.2184785824368503
1.5791667844141202 1.2178385672519958
1.5791760521694698 1.2171841280386548
1.5791635924310126 1.2165489503793665
1.5791619246834179 1.2158949312685858
1.5791638620410595 1.215637413527392
1.5791682330810017 1.214916086985003
1.5791725318710041 1.2141689389517587
1.579186477767894 1.2134701779526533
1.5791723957148507 1.2127934548010055
1.5791726349296116 1.212098368687199
1.5791786145263536 1.2114813016703623
1.5791842697834337 1.2108323024822774
1.5791894165172937 1.2101647753193125
1.5792046495446048 1.209509158213745
1.5791910586616091 1.2088635627949706
1.5791905853447392 1.2082082038946853
1.579194851325839 1.2080934573760187
1.5792014538882326 1.2073625450629906
1.5792078030397945 1.2065731342209147
1.579228464592989 1.2058600107057722
1.5792123272601524 1.2051789803869304
1.5792093132528475 1.204493132252155
1.5792421613918266 1.2038260741350943
1.5792434119529284 1.203180265042117
1.5792454243212324 1.2024958241672465
1.5792626255898274 1.2018373529444808
1.5792443491783839 1.2012136238963003
1.579238394041208 1.2005572704793928
1.5792422637007477 1.199880394706135
1.579246494193665 1.1994835368625314
1.579251966784899 1.1987919242647478
1.5792762974131263 1.1981055915223284
1.5792854397476825 1.1974156973092034
1.5792734727510704 1.1967516127980615
1.5792724982985213 1.1960635617253528
1.5792762266049998 1.195444162239629
1.579280046027978 1.1947973641721743
1.5793037375574799 1.194143941479823
1.5793124425373006 1.1934927863643316
1.5792961467926376 1.1928678577992176
1.5792931193272959 1.1922216796341036
1.579297239168597 1.1916087453443058
1.579301105588108 1.190964966443425
1.5793046370246546 1.1903068804766166
1.5793178486033357 1.189654778000462
1.5793042138983082 1.1890325986609769
1.5793037524710094 1.1883786837169699
1.5793101596190284 1.187772157399658
1.5793157308780883 1.1871319201353276
1.5793205878258731 1.18646859161124
1.579336494495126 1.185831380581406
1.5793224765884903 1.1851929106001802
1.5793209381266133 1.1845360704878491
1.5793448226118385 1.1841752534406302
1.5793479699984243 1.1834871635233302
1.5793513401460382 1.1827527126781767
1.5793694475342097 1.1820729231333178
1.579351760784521 1.1814193207045716
1.5793465616458697 1.1807498963050853
1.5793514048182702 1.1800622718438187
1.5793575081273115 1.1794351651264519
1.5793629495296868 1.178770533319884
1.5793813239206118 1.1782869211778484
1.5793651110180782 1.1776274909703033
1.579359497152518 1.1769484049483767
1.5793652490455103 1.1762443609088062
1.5793724962681175 1.1756188611539053
1.5793789577059907 1.1749650170642372
1.5794038589058437 1.1743127758193912
1.5794138251468748 1.1736597900738095
1.5794012195438687 1.1730300338900386
1.579399542391315 1.1723816070142388
1.5794039606148589 1.1717664206046556
1.5794081670846158 1.1711215854927346
1.5794338593892652 1.1704708435335558
1.5794435813936358 1.169818845004667
1.579426581358175 1.1691954071448392
1.57942225423758 1.1685506440027802
1.5794262301491113 1.1679395713214349
1.5794300402964274 1.1672962240598246
1.5794337726587915 1.166636063322291
1.5794480980951207 1.1659825300066022
1.5794333467898476 1.1653633512476391
1.5794317596811893 1.1647081198421898
1.5794605696449247 1.1640810658245506
1.5794615822948646 1.1634433225701442
1.5794632388447465 1.1627821593682257
1.5794775734960664 1.1621320678565923
1.5794602445110573 1.161519009962469
1.5794559060851128 1.1608619129856743
1.5794854212364573 1.1602555327324027
1.5794854739784074 1.159619442191096
1.5794865369725386 1.158947075667895
1.5795031689323862 1.1582968572040881
1.5794841656796499 1.1576900279795772
1.5794776092887823 1.1570372981645156
1.5794808063225383 1.1563623338280498
1.5794847525930864 1.1559778274817412
1.5794899780692684 1.1552841513625793
1.5795147264704 1.1545954279143764
1.579524066980269 1.1539150762338966
1.5795112963074671 1.153247866718927
1.5795097910361748 1.152558541922699
1.5795133838447797 1.1519374783417153
1.5795228457294648 1.1512788308996589
1.5795457214612485 1.150628288901611
1.57955385906571 1.149976643175014
1.5795362644414885 1.1493493991692738
1.5795323837546913 1.1487029409470568
1.5795357263835557 1.1480904820944273
1.5795391721750238 1.1474472986630504
1.5795428580095305 1.1467890681263038
1.5795561307134645 1.146136702631858
1.5795417812276764 1.1455167712400554
1.5795411379312052 1.1448626326864662
1.5795471065470228 1.1442560643371504
1.5795526162230218 1.1436136048639525
1.5795578624747275 1.1429502382382044
1.5795739681293062 1.1423129262114087
1.5795594853480646 1.1416758311209974
1.5795579259725419 1.1410189150656582
1.5795885299896038 1.140411070601359
1.579589849611616 1.1397741182637977
1.579591864108229 1.139109175869054
1.5796079594798762 1.1384551998144097
1.5795932692435393 1.1380672794343785
1.5795866980525735 1.13736277333481
1.5795901028562878 1.1366268269424062
1.5795953280687034 1.1359852726054005
1.579600517608286 1.1353025649466622
1.5796222291833646 1.1346461464697641
1.5796056430733698 1.1340097962665672
1.579600097886285 1.1333517502240569
1.5796055151083124 1.1326734946897317
1.5796103883453947 1.1323319567355141
1.5796166210045002 1.1316342788614546
1.5796440247389276 1.1309397067774862
1.5796547077391396 1.1302521065149875
1.579639956788105 1.1295822415843348
1.579637560756038 1.128897033011685
1.5796417246118484 1.1282761522046336
1.5796458524294492 1.1276231713781453
1.5796500041169632 1.1269582741543995
1.5796631458585433 1.1263041375960219
1.5796494290301188 1.1256680568182393
1.5796495624165563 1.125015304582154
1.5796555764839038 1.1244081022559487
1.5796610131382611 1.1237676017694138
1.579666356927807 1.123105730448881
1.5796818927875957 1.1224681985469718
1.5796676145189312 1.1218332194406404
1.5796666370483314 1.1211803253846726
1.5796961101342566 1.1205632846409828
1.5796974383154572 1.1199264035366086
1.5796993236015342 1.1192657601153848
1.5797142648818667 1.118615296448895
1.5796968448053434 1.118002561801237
1.5796925995197162 1.1173452383989442
1.579722162845775 1.1167346136000114
1.5797221591656452 1.1160997971880897
1.579723253430676 1.1154276206348228
1.5797383325382452 1.114915720654942
1.5797194318746592 1.114258561366151
1.579712692802721 1.1135820150332412
1.579717261764935 1.1128807062549206
1.5797223793625208 1.11225367826912
1.5797274517053244 1.1115923896574953
1.5797503696032085 1.1109665024045625
1.57975969315698 1.1103083210583407
1.5797476381029945 1.1096709338200246
1.5797462714054635 1.1090159052442476
1.5797478040177773 1.1087418096769264
1.5797520023984393 1.1080234673096494
1.579780081792765 1.107313622278526
1.5797904702645562 1.1066167991904987
1.5797719346021286 1.1059392201938538
1.5797675809900107 1.1052592686226836
1.5797708298260675 1.1046339903513205
1.5797744780279401 1.1039770333147698
1.5797788781162283 1.1033046463434113
1.579792928091808 1.1026455209480666
1.5797778935021864 1.1019965207646545
1.5797771423133915 1.1013427528606647
1.579804899621916 1.100722141990079
1.5798058141677582 1.1000841454340102
1.5798081434993732 1.0994233083562137
1.5798218217079336 1.0987730363878945
1.5798045432701147 1.0981590643437675
1.5798011090592443 1.0975058415454433
1.579830230833265 1.0968857948863906
1.5798302782055766 1.0962511060730071
1.5798310575759986 1.0955864091938992
1.5798467021075633 1.0949362207770388
1.5798278916895145 1.094329119249627
1.5798224263980882 1.0936711949777105
1.579826509603737 1.09299238743607
1.5798305547407696 1.0925719109834144
1.5798355485721767 1.0918866258176976
1.5798588731609169 1.0912063253829012
1.5798679255555415 1.0905294243221622
1.5798565950888606 1.0898675993369098
1.5798558361009627 1.0891836368724503
1.5798588220527254 1.0885632534710283
1.5798622331297407 1.0879130750440917
1.5798854121622128 1.087275266462513
1.5798944297975586 1.086622509338795
1.579879603549377 1.0859913772308023
1.579878668732722 1.0853412338494368
1.5798812250613503 1.0847274236490303
1.5798843112306744 1.0840834779231932
1.5799098121300041 1.0834507063868106
1.579919846563698 1.082793153738607
1.5799012908760854 1.082164056083948
1.5798972939500215 1.0815146815049057
1.5799002248222767 1.0809041353607654
1.579903668722472 1.0802610684408096
1.5799081681828762 1.079600584749663
1.5799229802726542 1.0789537682784363
1.5799070074614103 1.0783255912634406
1.5799052105122937 1.0776709302299214
1.5799344393630623 1.0770480065816759
1.579935082358484 1.076411527750556
1.5799362140168545 1.0757516839086552
1.5799513793545472 1.0750970738222367
1.5799364275218355 1.0747096537375427
1.5799304950869215 1.074005271727325
1.5799611811153078 1.0733276214635388
1.57995987147019 1.0726744059500888
1.5799602506004538 1.0719789329392055
1.57997834769222 1.0713118359358347
1.5799581713160875 1.0706695289388224
1.579951123660407 1.0700077215482524
1.579955431391123 1.0693233685128571
1.5799586113675246 1.0689505964149861
1.5799634562552018 1.0682560042129405
1.5799890396367717 1.067565259197884
1.5799991511126898 1.066880156104426
1.579984669549036 1.0662132793913628
1.5799826612944965 1.06553310478267
1.5799853159939072 1.0649105409172794
1.5799887546347284 1.0642568324806887
1.5800140383745156 1.0636032828278428
1.5800241613075205 1.062949337348125
1.5800068209910298 1.0623242852655
1.580004548963095 1.0616690840209315
1.5800070294865496 1.0610564270449432
1.5800102644525758 1.0604127327797908
1.5800151909087958 1.059754029253927
1.5800294044855234 1.0591146039308952
1.580013471767032 1.058471976187696
1.580012544783853 1.0578164022756784
1.580035606702272 1.0574087575331377
1.580037517897534 1.056727978136331
1.5800394474058055 1.0560159667417421
1.5800554121091457 1.055343462734707
1.580037188853016 1.0546888270044699
1.5800337734852934 1.0540228877611617
1.5800640760992284 1.0533715816067262
1.580063742930946 1.0527375213080343
1.5800643349750023 1.0520718353855854
1.5800793314404484 1.0515421789026411
1.5800596727581273 1.0508853208164328
1.5800540988098721 1.0502124090192857
1.5800597457647694 1.0495150412710321
1.5800633886466366 1.0488857175046835
1.5800681766470779 1.0482232854313847
1.5800882564484786 1.0477320564627144
1.5800978161667922 1.0470472440080358
1.580086017652375 1.046374983110938
1.580087575928564 1.0456772763739757
1.5800899569169073 1.0450540839403044
1.580093575859694 1.0444016225574901
1.580117886482482 1.0437570389763688
1.5801279277165514 1.0431040772689346
1.5801124593801252 1.0424782207936845
1.5801113686498733 1.0418240733585995
1.5801132999804353 1.0412100871407297
1.5801164560616172 1.0405656808703283
1.5801427568001225 1.0399388581157807
1.5801529750558356 1.0392793097240836
1.5801338627147572 1.038649556938647
1.5801310507461468 1.0379900890067244
1.580151845194998 1.037560922221888
1.5801518008208055 1.0368863545641378
1.580153101525017 1.0361830509571355
1.5801670150371836 1.0355046930168188
1.5801480039141294 1.0348475948867293
1.580144718457753 1.034181667942176
1.5801729784484 1.0335307081884781
1.580172730612884 1.0328947332618652
1.5801729421948632 1.0322349615577537
1.5801881486782208 1.031579833245558
1.5801727304586095 1.0312087766541227
1.580166068496656 1.0305009556461728
1.5801976177527561 1.0298201426940308
1.5801950257841735 1.029165223760337
1.5801949455204973 1.0284729051759691
1.5802136034111174 1.0278041588444111
1.5802199252048543 1.0271290372881072
1.5802073270709647 1.0264797893159883
1.5802053124062252 1.0258123245611377
1.5802050669553822 1.0254683171129277
1.5802073143751507 1.024761999118916
1.5802319407464624 1.0240654901595176
1.5802412216205828 1.0233792616521173
1.5802243397835483 1.0227094398375314
1.5802218225500229 1.022029401855482
1.580222785928598 1.0214053276217134
1.5802254111058238 1.0207503702554452
1.580251040204101 1.0200945204319591
1.5802611948873901 1.019438346360805
1.5802425466454855 1.0188090743121758
1.5802400024910919 1.0181497101242392
1.5802599460804225 1.0177010306125014
1.5802594658755564 1.017028215947097
1.5802614716288723 1.0163309758962382
1.5802746776287597 1.0156551081603757
1.580255358166291 1.0149983781246754
1.5802525234482019 1.0143345472554184
1.580279566220192 1.0136843051813966
1.5802790638209894 1.0130482573402635
1.580280043321219 1.0123895988554963
1.5802939225586783 1.0118192742709846
1.5802741518088033 1.0111665112507788
1.580270132810305 1.0105021096217393
1.580300066740137 1.0098515441736644
1.5802981677592567 1.0092198722470997
1.5802981489737333 1.0085602625175858
1.5803138525707525 1.0080315053183009
1.5803209391756197 1.0073505771983284
1.580309416119017 1.006685333227591
1.580308517042348 1.0060006396486498
1.5803081997965016 1.005370405208442
1.5803103012877013 1.0047156491200313
1.58033176317458 1.0040723281577404
1.58034073725033 1.0034199225344322
1.5803273269997153 1.0027927784446458
1.5803273373447382 1.0021396189020575
1.5803273832665001 1.00152068309705
1.5803298421014804 1.0008711430435602
1.580354032741435 1.000247294068682
1.5803637529446735 0.9995924646488573
1.5803468857161909 0.9989605797860004
1.5803455101542825 0.9983068080007589
1.580346276435109 0.9976926276206817
1.5803491516567374 0.9970477896620348
1.5803762347052468 0.996421391129001
1.5803866479653976 0.995763424645496
1.5803664250815745 0.9951345767376497
1.5803635512522591 0.994478850804314
1.5803884126851808 0.9938506376472976
1.5803870665182043 0.9932121403455652
1.580388406245358 0.9925516610644278
1.580401634804735 0.9919533118024847
1.5803814494081165 0.9913031420049813
1.580378066355306 0.990643952113707
1.5804065153207203 0.9900103478543696
1.5804053401474583 0.9893748683252175
1.5804051841656277 0.9887166231986638
1.5804212258626051 0.9880819862192177
1.5804005179154115 0.9874431139191358
1.580395809576076 0.986791287464479
1.5804250016782402 0.986181001526437
1.5804223863758793 0.9855460884429519
1.5804224255959938 0.9848885212778035
1.5804417375642672 0.9842547574540763
1.5804494686979755 0.9835980681435798
1.580436075485894 0.9829600840833147
1.5804360309463068 0.982303429959912
1.5804344469944016 0.9816794558615555
1.5804361936058648 0.9810308091726242
1.5804592229414605 0.9804055668681332
1.5804687506748163 0.979750858889914
1.580452778524939 0.9791212370628768
1.580452049872093 0.9784674393264531
1.5804515803768857 0.9778497228956691
1.5804540925404 0.977200217417629
1.5804802769209056 0.9765755964801172
1.5804904612796573 0.9759185730906664
1.580471443553659 0.9752924461381162
1.5804694321065138 0.9746372304172495
1.5804931542608602 0.9740042278919868
1.5804920329536905 0.9733653581489117
1.5805153988493639 0.972732254203081
1.5805251980453807 0.9720773309286261
1.5805013098846439 0.9714566202636061
1.5804959263361118 0.9707976691923506
1.5805187707009787 0.9701802917971528
1.580515501301003 0.9695405576348891
1.5805151193247433 0.9688775856419451
1.5805293337208859 0.9682893865814012
1.5805344038592704 0.9676213470762369
1.5805248543870254 0.9669658459508635
1.5805467831882274 0.9663250481522428
1.5805404559186083 0.9656968586332457
1.5805376327921346 0.9650415365254718
1.5805538171025852 0.9644044546825012
1.5805597625365868 0.9637467635088245
1.5805467069282668 0.9631119962504276
1.5805699973915754 0.9624834063161876
1.5805618090840263 0.9618637345449427
1.5805589705737588 0.961214632436577
1.5805779548008052 0.960568425613435
1.5805851464372302 0.9599131015849726
1.5805680806388798 0.9592858956207498
1.5805662980293416 0.9586311946251693
1.5805635195884402 0.9580091752780229
1.5805646203126844 0.9573608190440872
1.580589011183371 0.9567343249530958
1.5805986426407688 0.95607770672945
1.5805801877515717 0.9554505581251546
1.5805784402920893 0.9547956986881518
1.5806008063814994 0.9541616759742759
1.5805992882865818 0.9535206125034269
1.5806218101204053 0.95289626519266
1.5806314972178255 0.9522381511579304
1.5806079677177514 0.9516125640735741
1.5806032089275608 0.9509581518531602
1.5806252459186976 0.9503327255481091
1.580622730452985 0.9496939402295832
1.5806229326738066 0.9490315869107874
1.5806366539772276 0.9484233454196936
1.5806149039506334 0.9477726558224219
1.5806112719093925 0.9471169980414126
1.5806386466400988 0.9464937373618226
1.5806357184429607 0.9458566077028118
1.580636083582946 0.9451991528874573
1.5806532678134924 0.9445614075883098
1.5806602189527255 0.9439013482975767
1.5806497068164866 0.9433979110841897
1.5806748015825467 0.9427364255522184
1.5806677300507121 0.9420897009241176
1.5806646202851877 0.9414159688229207
1.5806832941128075 0.9407532668396604
1.5806904300564812 0.9400802772882728
1.5806741374793245 0.9394430156846082
1.5806729414635068 0.938788923229636
1.5806692207743165 0.9381643208127113
1.5806699759477978 0.937514862934892
1.5806935985690875 0.9368874187731184
1.5807031120491744 0.9362320310919057
1.5806855071035597 0.9356136230600218
1.580684435097755 0.9349558508304741
1.5807055291072494 0.9343171870519501
1.5807037942727868 0.933673909496717
1.5807263361897947 0.9330502938483944
1.580735847026711 0.9323931509223149
1.5807131511127033 0.931768960974004
1.5807090595747262 0.9311154192145843
1.580729750138821 0.930486588904436
1.5807272163863337 0.9298455760013175
1.5807496179916811 0.9292274143799948
1.580759343041832 0.9285662433640661
1.5807337930289291 0.9279406562025388
1.5807279704542712 0.9272856904714576
1.5807519702224617 0.9266590432326597
1.5807472083478928 0.9260213701838697
1.5807469796949392 0.9253630942517518
1.5807627385993717 0.9247225863014588
1.5807685159683216 0.9240582867233398
1.5807579579116842 0.9235524441209194
1.5807813986150456 0.9228917781284903
1.5807737392056596 0.9222439752824098
1.58077049687435 0.9215690526938961
1.5807878232066113 0.9209072073953205
1.5807947394606683 0.9202261395848504
1.5807792543482289 0.9196056152939484
1.5808028704902148 0.9189674634921808
1.5807939098018908 0.9183531404333047
1.5807908903889987 0.9176975033751384
1.5808105646790667 0.9170614668886968
1.5808187923937098 0.9164039052823968
1.5807995761571196 0.9157729269207728
1.5807973061020593 0.9151178728730368
1.5808154207573464 0.9144805511430386
1.5808123709527424 0.9138347669120187
1.5808326656148755 0.9132107300368841
1.5808420702629662 0.9125557516838029
1.5808197057819908 0.9119280458994626
1.5808159484348598 0.9112748305136597
1.5808352638613692 0.9106437499117708
1.5808318370134766 0.9100007431980218
1.580853431333293 0.9093796031735758
1.580863016609945 0.9087224855801173
1.5808379721681345 0.9080974027635484
1.5808329496281508 0.9074432477340847
1.5808558042860643 0.9068136940792152
1.5808506280833343 0.9061723619137694
1.5808732014797298 0.905554718176222
1.5808845893613621 0.9048951029564922
1.5808867906206319 0.9042135056563324
1.5808741216344546 0.903692435652424
1.580893213558151 0.9030345019150442
1.5808839688917744 0.9023880695146669
1.580880156455412 0.9017163224816835
1.5808959237977234 0.9010567097151387
1.580901861571345 0.900373483804992
1.5808878072999288 0.8998929594746262
1.5809103347270093 0.899232333551659
1.580900499804816 0.8985832358544686
1.5808966678663292 0.8979075621581024
1.5809155097998486 0.8972430875111872
1.580923580776031 0.8965653817333199
1.5809049465036658 0.8959299887854341
1.580928293377405 0.8953098357568169
1.5809405431145676 0.8946501199073371
1.5809320791090165 0.8940131135861339
1.5809484250647319 0.8933632416441948
1.580955703529195 0.8927058097577315
1.580935536296729 0.8923368883913072
1.580929135813089 0.8916278718967583
1.5809468372992421 0.8909437925510186
1.5809411260247155 0.8902675327591799
1.5809617127388917 0.8896033829794326
1.580971263853923 0.8889296806534227
1.5809719104572648 0.8882442944178893
1.580961788231464 0.8875925620781685
1.5809760473997643 0.8869528158092086
1.5809681465179906 0.886326917417677
1.58098735294936 0.885697743442343
1.5809967484339356 0.8850413576070398
1.5809970613295654 0.8843707305498618
1.5809840459175257 0.8838627670487347
1.5810011575651781 0.8832025656302196
1.5809909669863644 0.882552976169315
1.5809874120357597 0.8818802820908975
1.5810024959618993 0.8812196157762746
1.58100783249621 0.8805345513461841
1.5809942432542137 0.8800534143904678
1.5810157154400015 0.8793924240850904
1.5810050861380527 0.8787365087764877
1.5810010503956173 0.8780618457405907
1.5810194364477108 0.8773975880907874
1.5810274808649971 0.876712467609862
1.5810118367667125 0.8762731141281795
1.5810348947904427 0.8756054981706363
1.5810465814056416 0.8749175321299474
1.581037249893514 0.8742439224322434
1.5810530914510872 0.8735756757720848
1.5810605603280545 0.8729038965403508
1.5810375581843557 0.8722526646663183
1.5810335312356794 0.8715985996146023
1.5810493017077296 0.8709640556500019
1.5810448379781739 0.8703183082468439
1.5810643712104206 0.8696934549922264
1.5810738103300508 0.8690375551853953
1.5810497767537157 0.8684198205911657
1.581045672937668 0.8677635625474355
1.5810661308458314 0.8671284206711628
1.581060223950548 0.8664848336862851
1.5810815855314773 0.8658623482047944
1.5810928470366243 0.8652047420001637
1.5810950201514218 0.8645381781550079
1.5810838470957644 0.8640374886426214
1.5811024201057502 0.8633749703237278
1.5810927332801419 0.8627172247224353
1.5810904982195109 0.862045805448184
1.5811059985210296 0.8613839006922618
1.5811116528394122 0.8606990313494943
1.5810986119031964 0.8602246612897706
1.5811192380982169 0.8595618034728032
1.5811081403853011 0.8589013007346914
1.5811050710753194 0.8582256735012757
1.5811235044707583 0.8575604925056008
1.5811317612340372 0.8568710713270409
1.5811164938748528 0.8564366507785508
1.5811384586536603 0.8557689938645144
1.5811495538984484 0.8550810265249135
1.5811413981301974 0.8544039249514672
1.5811561454809806 0.853741227125524
1.5811619901650862 0.8530660784463109
1.5811396724500681 0.8524147544088294
1.581160812334413 0.8517911243158548
1.5811708516168304 0.8511403812750392
1.5811619623501139 0.8505031513720815
1.5811772871453111 0.8498581539578792
1.5811864845763908 0.8491978604130103
1.5811874415506075 0.8485290602022187
1.5811772403358655 0.8479878451318981
1.5811886573795786 0.8473344741814807
1.5811788445389354 0.8466783537938778
1.5811964667446339 0.8460315387117816
1.5812058875020378 0.8453690417078586
1.5812071593804162 0.8446973749153756
1.5811947045694288 0.8442008648564822
1.5812106615339285 0.8435377050374595
1.5811994054877017 0.8428775789376659
1.5812181408181838 0.8422278224967019
1.5812288186456112 0.8415582470138007
1.581230553483446 0.8408707255695383
1.5812135385823396 0.8402497436228112
1.5812302294790366 0.8396118936514132
1.5812184893710695 0.8389939432022049
1.5812152227945246 0.8383316900295452
1.5812318721032919 0.837687831864022
1.5812387746187475 0.8370202370162205
1.581223937468165 0.8366101861535011
1.5812445748211683 0.8359400823033047
1.5812548703578704 0.8352499723511542
1.5812461508116222 0.8345668151869167
1.5812596522535034 0.8339037244361279
1.581267339299987 0.8332194053884042
1.5812456328796733 0.832566307470251
1.5812660415588469 0.8319494522363114
1.5812757880228243 0.8312989291963235
1.5812665253492268 0.8306635809695759
1.5812818287472628 0.8300158443429329
1.5812907383640038 0.8293599463936971
1.581292476787864 0.8286954597106017
1.5812830196025993 0.8281560865469748
1.581294305756466 0.8274999486958381
1.5812842714451572 0.8268412662860665
1.5813012814355578 0.8261934765957814
1.5813107688871777 0.8255292649866764
1.581312729175484 0.8248559098819386
1.5813011273957427 0.8243529557912492
1.5813165457040672 0.8236908794919627
1.581305060689432 0.8230305860821624
1.5813234742269235 0.8223816174637605
1.5813340602075723 0.8217113972175395
1.5813356475023665 0.8210299727140677
1.581319666516104 0.8204066996874688
1.5813361502126244 0.8197701680284643
1.5813244625684655 0.8191476190486856
1.5813438867214444 0.818517563496461
1.5813555393438645 0.8178589313374229
1.5813589635692562 0.8171771545318314
1.581341833593744 0.8167481380968941
1.5813598490946446 0.8160813046009506
1.58136845981565 0.8153946893228725
1.5813591403777048 0.8147174413815872
1.581371481361865 0.814055607354442
1.581378003813775 0.8133703703790829
1.5813561584807352 0.8127222094916595
1.5813755286477276 0.8121099336199245
1.5813846823293833 0.8114591691241384
1.5813751345150187 0.8108158582597123
1.5813898835933693 0.8101768409808272
1.5813983817434814 0.8095169771653368
1.5814002536411393 0.8088487409829375
1.5814086008222181 0.8085789711478741
1.5814162241960548 0.8078681445782169
1.5814020101084523 0.8071704728642565
1.5814179253039562 0.8064872328319047
1.5814271546118008 0.8057952158476632
1.5814275537761588 0.8050877582784329
1.5814134238843323 0.8044289923123222
1.581426279041157 0.8037822886994148
1.581414768377767 0.8031340365325411
1.5814320170525118 0.8025056107623549
1.5814417492879798 0.8018435585351724
1.5814433301773374 0.8011727425188869
1.5814294511240494 0.800705787859433
1.5814459330432338 0.8000413391866565
1.581433735484899 0.7993789635058219
1.5814529694542747 0.7987284328414367
1.581464347221923 0.7980539002115635
1.5814673027580515 0.7973557899126376
1.5814504166769037 0.7968997139362808
1.581468368873498 0.7962332210888781
1.5814773068392949 0.7955471298718005
1.5814683024828766 0.7948713589663865
1.5814805633726459 0.7942096111914024
1.5814863692282928 0.7935227029427774
1.581465675939834 0.7928780965114403
1.5814851896098656 0.7922660414377853
1.58149477556432 0.791614495487122
1.5814856141128906 0.7909750227730852
1.581498779278523 0.79033073530653
1.5815067283811324 0.7896721771027104
1.581487879877989 0.7893296490677401
1.5814813905844682 0.7886229172438178
1.581499254259388 0.787933165100522
1.5814909047818322 0.7872505187596021
1.5815104928777006 0.7865841263554115
1.5815206026572342 0.785898984043473
1.5815239382808879 0.7852017967337502
1.5815144214451164 0.7845516238125326
1.581529424591806 0.7839186367354586
1.5815205913047006 0.783278185275369
1.5815406776600072 0.7826580416430498
1.5815503194868652 0.7819978916517882
1.5815518165070575 0.7813293519031712
1.5815392567593844 0.7808418845117142
1.581556480125053 0.7801800068498773
1.5815454635412385 0.7795216172017496
1.5815648748523492 0.7788725784378038
1.5815760916064832 0.7782027512811334
1.5815783076748253 0.7775100593906583
1.5815621526829795 0.7770365520907124
1.5815804533954927 0.7763725445538705
1.5815910151647228 0.7756891257753122
1.5815807291541442 0.7750156632160802
1.5815937227876502 0.7743499781404778
1.58159851989426 0.7736602257514401
1.5815808225582957 0.7732254073837008
1.5816009262768524 0.772560385229453
1.581610486530841 0.7718750190862789
1.5815992955427203 0.7711990262081019
1.5816134046444572 0.7705366038859077
1.5816204504187854 0.7698628085477477
1.581597743396044 0.7692124526860528
1.5815940152348202 0.7685594283349245
1.5816097461512324 0.7679235837561398
1.5816049958918876 0.7672774577512228
1.5816240581501761 0.7666507941597984
1.5816334951213713 0.7659959516943239
1.5816103620052728 0.7653866750165161
1.5816067952663455 0.7647294899727958
1.5816270948939208 0.7640912904247308
1.5816214705620713 0.7634441281053463
1.5816427086729519 0.7628214018501303
1.581653756534667 0.7621713400252002
1.5816561153293613 0.7615121251345514
1.581645335606742 0.7608788661705052
1.5816632287675576 0.7602469087333442
1.5816550940453653 0.75960904605718
1.5816702518433738 0.7592212934634842
1.5816830460742062 0.7585092083401717
1.5816865626211165 0.7577633053397834
1.5816702300229937 0.757098216718822
1.581689938976085 0.7564491504433641
1.5816800379859726 0.7558088304775694
1.5816762213270907 0.7551438129130121
1.5816926664340127 0.75449079761007
1.5816992423889324 0.7538148108715459
1.581684815877924 0.7533587398310939
1.5817075444812825 0.7526960693725514
1.5817197002363643 0.7520124160775639
1.5817107905865637 0.7513409246355299
1.581726676838026 0.7506753108211328
1.5817327512890775 0.7499997779051317
1.5817117486657175 0.7493696874141434
1.5817083027553294 0.7487166891368802
1.5817244260829257 0.7480811816587516
1.5817203920732554 0.7474353299171973
1.5817397284189008 0.7468116911638262
1.581749070984002 0.7461575041171512
1.5817268638447919 0.7455308517360483
1.5817232639308867 0.7448781351640116
1.5817425455818355 0.7442464955687099
1.5817388259045244 0.7436028506158803
1.5817605011669227 0.742981601245334
1.5817700900026617 0.7423250727715321
1.581745796938899 0.7417008392972039
1.5817413121848467 0.7410468519293499
1.5817647444580496 0.7404171371520037
1.5817603133708447 0.7397760879093102
1.5817833062791968 0.7391590018590509
1.5817944581209435 0.7384996846582595
1.5817963921392724 0.7378181061309211
1.5817845908581596 0.7372754592206396
1.5818028996059925 0.7366239080298126
1.5817939336520501 0.7359810530151226
1.581790077927794 0.7353118821192128
1.5818059210700344 0.7346544406480273
1.5818117752850176 0.7339748341678095
1.5817992923260722 0.7334656333741543
1.5818235700958434 0.7328089840344215
1.5818145052354795 0.7321662368840578
1.5818111020135126 0.7314954985553008
1.5818302250252247 0.7308344898118269
1.5818375588781493 0.7301671659448619
1.5818208568742789 0.7295339622008605
1.581819405310781 0.7288791372976007
1.5818167267610517 0.728256083217561
1.5818179877399965 0.7276071295154888
1.5818424282907426 0.7269802546626651
1.581852040585792 0.72632384948686
1.5818345562229612 0.7256972582155703
1.581833285743076 0.7250423095116459
1.5818560004953373 0.7244076178905953
1.5818549921497176 0.7237670101491208
1.5818784292094317 0.7231390119783275
1.5818883115284317 0.7224823369374311
1.5818658275806443 0.7218571442726073
1.5818613187517132 0.7211990728396769
1.5818805828983589 0.7207535286120278
1.5818787113712343 0.7200764509222874
1.5818793940119027 0.7193676512502016
1.5818941399001327 0.7186951859135838
1.5818743524747454 0.7180389023025464
1.581871018525865 0.7173778991749913
1.5819004344806975 0.7167370771615718
1.5818992252350772 0.7161044695739337
1.581899397566529 0.7154470624161311
1.5819147626559575 0.7149125345316149
1.581895199512621 0.7142530411134765
1.5818903560319533 0.7135820531103726
1.5819223161727283 0.7129281361114005
1.5819212416535833 0.7122928344169019
1.5819222286643708 0.7116234568349522
1.581939660266777 0.7111250796973314
1.5819480306332687 0.710436058514117
1.5819345505124744 0.7097638761571033
1.581932711733528 0.7090726462206478
1.5819351849269856 0.7084461737712875
1.5819384467507815 0.7077905247413874
1.5819624100231195 0.707136422430509
1.5819717352732605 0.7064817577058328
1.5819567839697795 0.7058489753942293
1.5819537791037852 0.7051993639127503
1.5819575400595 0.7045850490404071
1.5819613885542452 0.7039404434443556
1.5819656663849535 0.7032786802840674
1.581978845830845 0.7026644221823549
1.5819651613615697 0.7020101136414033
1.581965252065501 0.7013452543199336
1.5819723641536414 0.7007396885160676
1.5819782621983403 0.7001002979287689
1.5819833321198964 0.6994424827169673
1.5819992950284936 0.6988058856068105
1.5819860591059622 0.6981664191227493
1.5819849714938814 0.6975099482529016
1.5820089039527856 0.6971491224214631
1.5820127169172993 0.6964596210811905
1.5820167420649602 0.6957308971487468
1.5820348304156329 0.6950510577153665
1.5820185036814354 0.6943969062294706
1.5820135610952253 0.6937265321792508
1.582018611600297 0.6930451368853275
1.582025625574408 0.6924141366713802
1.5820319995571885 0.6917522472231296
1.5820497507253748 0.6912844581759664
1.5820350511693495 0.6906227909806071
1.5820295101977264 0.6899383220423818
1.5820344884080568 0.6892313268886439
1.5820448575863024 0.6885987358897555
1.582052402918279 0.6879405973682658
1.582076692484845 0.6872859709595704
1.582061696461485 0.6866729615793231
1.5820545347783932 0.6860218035266544
1.5820577472725164 0.6853486641590993
1.5820646956924909 0.6850362107341004
1.5820727230341012 0.6843237987469176
1.5820765177888187 0.6835885344197067
1.5820912520831867 0.6829024791412944
1.5820829138690486 0.6822362339604905
1.5820832575464896 0.6815435502118882
1.5820946423487148 0.6809201062420747
1.5821022803255742 0.6802662190257097
1.5821042102387435 0.679602477548224
1.582093013180533 0.6789828261744887
1.5820885041387476 0.6783344329232801
1.582092202626266 0.6776624060569824
1.5821007687491082 0.677491053207665
1.5821134395390124 0.6767582733495622
1.5821221671531784 0.675986986015934
1.582143677675443 0.6752864561658196
1.5821322279117316 0.6746181236553317
1.5821286858909198 0.6739321685894776
1.582113768807 0.6732618643689022
1.5821297795961593 0.6726147375195737
1.5821396692106395 0.6719500122505878
1.5821625742926688 0.6712967337076745
1.582153044704083 0.6706678791146151
1.5821493545217078 0.6700141298228286
1.5821340705871885 0.6693632193323138
1.5821515540703555 0.6687450551490899
1.582163342815009 0.6680988904008732
1.5821663116796012 0.6674376247952847
1.5821613940584434 0.6668189923013824
1.582160472975308 0.6661604975561952
1.5821460059649468 0.6655127241341616
1.5821686434268192 0.6649042203250969
1.582183395971044 0.6642609339212754
1.5821865475883539 0.6635993066222907
1.5821836813833512 0.6632648990811164
1.5821837136301202 0.6625536665905282
1.5821890254211104 0.6618202697202894
1.5822091318510767 0.6611611677784185
1.582220908279653 0.6604846025409524
1.5822222821936067 0.6597845713893786
1.5822177272529723 0.6591639501437053
1.5822162934905144 0.6585139801675539
1.5822191206179934 0.6578496721725744
1.5822123540053579 0.6571966362984116
1.5822288960391773 0.6565638899890921
1.5822348605978709 0.6559071364369728
1.5822332062853102 0.6553025929507565
1.5822341049385684 0.6546625144463228
1.5822375400962454 0.6540045566752163
1.5822304309870008 0.6533550339654416
1.5822499025343983 0.6527305686842473
1.582257710413318 0.6520732089348301
1.5822574369063038 0.651470288764351
1.5822587896541431 0.6508323692496525
1.582260965014961 0.6501731058986677
1.5822523324184619 0.6495306427533096
1.582274012010809 0.6488979842462687
1.5822831941233517 0.6482400268896616
1.5822592189520261 0.647629532691324
1.5822656486647486 0.6469935378430629
1.582271658572986 0.6463234032984094
1.5822640606388854 0.6457774365443043
1.582290136263846 0.6451225041557466
1.5823025518657505 0.6444526371446894
1.5823052873945225 0.6437604577613816
1.5823087231921045 0.6431334105237884
1.5823116006732691 0.6424713097015934
1.5822992900367785 0.6419545204520101
1.5822976830623425 0.6412756678866285
1.5823148013906776 0.6406098374810697
1.582294727790134 0.639963763614245
1.5823059792394263 0.6393351164857692
1.5823146430823947 0.6386798066878959
1.582303453815696 0.6380228089850869
1.582304430404928 0.6373636121203995
1.5823270938511627 0.6367326864917002
1.5823379132553685 0.6360848888503088
1.5823463562971753 0.6354652335869325
1.5823521863942278 0.6348176435875639
1.5823363238096075 0.6341867656603205
1.5823338322979146 0.6335303854215766
1.5823582446446114 0.6328987427242931
1.582367116792625 0.6322402077087094
1.5823519292412473 0.6316152037061655
1.5823615938893627 0.6309738855034657
1.58234812947866 0.6303256757647887
1.5823464517946348 0.6296736650751156
1.5823753433644472 0.6290606681861267
1.5823868367745872 0.6284029198926443
1.5823712724009003 0.627783001122445
1.582381934861566 0.6271429391804291
1.5823691521927254 0.6264981955912704
1.5823667580593126 0.6258403903108911
1.5823915160733342 0.6254801781399324
1.582407355120256 0.6247703266470477
1.5823896471068022 0.6240892522611384
1.58240363394266 0.6234233184058101
1.5824135754053108 0.6227367776776778
1.5824060500941721 0.6220662833125523
1.5824088674267007 0.6213705191990576
1.5824259471760533 0.620719790453511
1.582410123189366 0.6201034925096743
1.582424971634373 0.6194737795500791
1.5824355931989393 0.6188169328554057
1.5824269802687345 0.6181771605126795
1.5824284521164302 0.6175136388385927
1.582446154129624 0.6170307046495904
1.5824278532376843 0.6163667969662423
1.5824443964742012 0.615719722600928
1.5824554143541185 0.615046210380086
1.5824457842797486 0.6143806212431128
1.5824459660912573 0.6136974342673739
1.582470088336807 0.6130593713057468
1.5824784515555945 0.612404645855468
1.5824664720744746 0.6117693480807412
1.5824771709425656 0.6111247018681443
1.5824670064563777 0.6104968797617965
1.5824656171344875 0.6098422502348843
1.5824924667892417 0.6092139526425727
1.5825021118319742 0.6085611269603685
1.5824883367480524 0.6079301170027334
1.5824995407524465 0.6072895899182704
1.582488052001934 0.6066652940274245
1.5824858253200254 0.6060090948971331
1.582515309590148 0.6053838928816808
1.5825261083614697 0.6047298391962097
1.5825089518484639 0.6041005756366122
1.5825220692249158 0.6034610889493142
1.5825093994998793 0.6028408483363635
1.582506372222316 0.6021814076798194
1.582512636588269 0.6015123489357772
1.582528565662955 0.6009639776762856
1.5825155778607944 0.6003103159810045
1.5825317170829252 0.5996683671931351
1.5825432489221904 0.5989990879614085
1.5825358355687442 0.5983403130981135
1.5825385179180653 0.5976589366070117
1.5825549866401545 0.5971367918511447
1.5825365795151947 0.596481656810729
1.5825529501963422 0.5958429302655165
1.5825638030599125 0.595175464924774
1.582554759569234 0.5945148734319952
1.5825556799585636 0.5938326026062226
1.5825747111149906 0.5933427556887773
1.5825829915300829 0.5926634057609904
1.5825700489726189 0.5919948247211911
1.5825807236549931 0.5913356242915497
1.5825708222053008 0.5906790702796104
1.5825703555832449 0.5900167274594187
1.5825956484714032 0.5893673046436876
1.5826048144746365 0.5887150479777064
1.5825890529955684 0.5880921068796214
1.5825991485932105 0.5874530758396355
1.582588052899348 0.5868082390018732
1.5825863452720654 0.5861524663362075
1.582609488415222 0.5857494424356403
1.5826221295208254 0.585049216296056
1.5826034525641957 0.5843739426289247
1.5826165289876173 0.583714706150617
1.5826261345235386 0.5830338655954964
1.582620112382869 0.5823680095740071
1.5826477595168111 0.5817112983802475
1.5826573979555063 0.5810529856481044
1.5826330105437922 0.5804277377359872
1.5826428053758312 0.5797970084065549
1.582650110234667 0.5791409828850536
1.5826414918624083 0.5785002591848574
1.5826680675411096 0.5778645247530022
1.582678823955622 0.5772070921461813
1.5826791878464994 0.5765318001516725
1.5826799969565017 0.5762035939389376
1.582682592326604 0.5754960067198776
1.582666122213857 0.5748043443220253
1.5826638787567104 0.5741046028182394
1.5826818609156554 0.5734296561966823
1.5826890563675113 0.5727317000635401
1.5826925229932394 0.5721161009369431
1.5826957628894902 0.5714672509150764
1.5826791547666577 0.5708193950788316
1.582676839889681 0.570164831691321
1.582697036958671 0.5695342551624898
1.5827062043573565 0.5688823650410167
1.5827082100749568 0.5682763758982535
1.5827110083704157 0.5676359770523897
1.582714069718776 0.5669759139393918
1.582707783130539 0.5663291998972061
1.5827272405886592 0.5656918097682299
1.5827339648647587 0.5650368918033463
1.5827323661362556 0.5644391209778793
1.582732884430894 0.563803245444054
1.582733982010194 0.5631371723374828
1.5827252377684318 0.5625858218436908
1.5827447657500915 0.5619212877087536
1.582753509795836 0.5612485574017252
1.5827552058121401 0.5605648613586618
1.5827519829197676 0.5599368043466368
1.5827516006029656 0.5592835734121859
1.5827402630497545 0.5588080463074491
1.582759506459456 0.5581423920841925
1.582770775643599 0.5574583110610174
1.5827732457351613 0.5567602907425417
1.5827673839715488 0.5561278216936887
1.5827662683435963 0.5554703347082185
1.5827507697280054 0.5548167841867125
1.582771747101829 0.5541959255698119
1.5827858327971547 0.5535451921355204
1.5827893640300839 0.5528848895766522
1.5827841441587733 0.5526467491515157
1.5827808779340917 0.5519172882253238
1.5827848060182184 0.5511471773183397
1.5827998294867933 0.5504849186869785
1.5828099467912824 0.5498038444064368
1.5828129444392778 0.5491073387397805
1.582830603305754 0.5484422669487067
1.5828207859074548 0.5477952038244029
1.582818012213306 0.5471352676129981
1.5828274386029801 0.5465160722318195
1.582834167565577 0.5458650421994306
1.5828364297227335 0.5452032783781746
1.5828516900411134 0.544701882232191
1.582837461830911 0.5440412745567873
1.582833081411714 0.5433618539849496
1.5828405284457705 0.542739567710304
1.5828460562862439 0.5420826049002145
1.5828505675387756 0.5414088076368964
1.5828707143787148 0.5407512639561032
1.5828534244026724 0.5401187434194478
1.5828476933204703 0.539462257024413
1.5828759017292875 0.5388449810181001
1.5828758755515 0.5382059837231365
1.582876542392842 0.5375364877455376
1.582893449789977 0.537044789510074
1.5829014354498692 0.5363475333311627
1.582884660906215 0.5356792335020923
1.5828817551725245 0.5350032222006806
1.5828800888633487 0.5343654296425231
1.5828809670954795 0.533703786252446
1.5829042538700522 0.5330509527400061
1.5829137852739368 0.5323980515541492
1.5828945451388234 0.531781621410891
1.5829162194612927 0.5311482343646982
1.5829282897680856 0.5304942499339244
1.582920759706446 0.529855613190357
1.5829406918402382 0.5292047982850704
1.58294822119052 0.5285535963051299
1.5829214414476136 0.5279492239304717
1.582914861206015 0.5272918914495713
1.5829285757091007 0.5266558706748026
1.5829232223199905 0.5260076950108987
1.5829443579986409 0.5253861961466219
1.582953785899631 0.5247299486039256
1.5829552430347302 0.5240651104975572
1.5829600060110542 0.5238726953428521
1.5829681672926053 0.5231543810935787
1.5829516429318937 0.5224391420880692
1.5829486447380947 0.5217224188508219
1.582962808708385 0.5210144079029649
1.5829672827434607 0.5202864095152554
1.582973464236336 0.5196744259135246
1.582978213363103 0.5190243696428859
1.5829810298921447 0.5183346471484114
1.582990282277368 0.5179124856692552
1.582997034678426 0.5172173271221261
1.582999760169537 0.5164930102032942
1.5830014155539633 0.5157551662878783
1.5830007138328073 0.5151293134365635
1.5829998000853465 0.5144852535530052
1.5830089002827636 0.513862534242408
1.583012125066772 0.5132189584736031
1.5830155435042952 0.5125571260339189
1.5830179651908263 0.5118875237625636
1.5830137263183868 0.511547469763602
1.583013818954277 0.5108474041669874
1.5830188183452223 0.5102035835276787
1.5830231341082508 0.509525801513482
1.5830284558741443 0.5088058213984423
1.583032737536261 0.5080727586488712
1.583047276254523 0.507418785176073
1.5830410530148304 0.5068762774569616
1.5830582611765605 0.5062231250624226
1.5830553367741607 0.5055765687883254
1.5830537956236277 0.5049035925336752
1.5830569902626077 0.5042213122393797
1.5830703314416503 0.5036126591634104
1.5830566103818935 0.5029718988560202
1.5830739124229134 0.5023408105320137
1.5830653818404008 0.5017152958507671
1.5830654625690712 0.5010627013013657
1.5830702005516344 0.5003990921678767
1.5830849258382709 0.4998072569078516
1.5830659658629471 0.49916070578661303
1.583081911935711 0.49852722250875464
1.5830884914024754 0.49787733876052553
1.5830847068743963 0.49722685711664133
1.5830851102816512 0.4965584186117654
1.5831010064377895 0.4959592234315833
1.5831093066010518 0.49530101747796873
1.5831144827492785 0.49468058393354136
1.5831179384901548 0.4940313425634084
1.5831060400229318 0.4933880001229598
1.5831053841585898 0.4927319889131488
1.5831210498500292 0.4920930751417555
1.5831297696061735 0.4914411170636245
1.5831283493274813 0.4908386928184564
1.583129232370955 0.49019715743240544
1.5831318354048667 0.48953325477595955
1.5831259659298293 0.4889514170678491
1.5831377616271285 0.4882967361950811
1.5831474617304682 0.48762709128604564
1.5831706760001547 0.486975034777403
1.5831602288562843 0.4863490987973248
1.5831604530267362 0.48570334006464133
1.583146166742553 0.48506327717450465
1.5831570101253372 0.4844235273141574
1.5831656625451056 0.4837606383583694
1.5831855573357811 0.4833211743603571
1.5831950638622585 0.4826248385606572
1.5831881255408953 0.4819593353958096
1.583163973741637 0.4812863591569383
1.5831708832155242 0.4806396120789612
1.5831770393263664 0.4799631315982729
1.583203422101141 0.4793082369330593
1.5832129947996902 0.47864837239552266
1.5831989700202362 0.47803064329364614
1.5831948872675377 0.4773795163266467
1.583192803798993 0.4767462543836721
1.5831972626490263 0.476099714352495
1.5832199376720573 0.4754805252691892
1.5832306440832182 0.4748221812663026
1.5832377586560826 0.47416390377038975
1.5832243986243044 0.4735333341637042
1.5832319904209413 0.472891752480246
1.5832291401826155 0.4722568214522717
1.5832432324863603 0.47186155466613167
1.5832540881201265 0.4711585176595828
1.5832610776223783 0.4704474190158519
1.583236768926375 0.46977521402690176
1.5832431433654026 0.46912589351404943
1.5832473029303122 0.4684598649754847
1.5832663605916706 0.4678170477111451
1.5832707739761862 0.4671641327727549
1.5832781284200301 0.46650103800520126
1.5832783459123694 0.4658288033250305
1.583274673376728 0.46543911493834705
1.583276382017404 0.46475306526903526
1.583262731845492 0.4640644936611058
1.5832744244128536 0.4633950028285835
1.5832815586836961 0.46269518801792714
1.5832858201112026 0.46198069362845307
1.5832792258164057 0.4616936565217372
1.5832754004915384 0.4609918866006664
1.5833044087902703 0.46030147204715
1.583307272434329 0.4596292483415265
1.5833091692748706 0.45894796632214946
1.58331395232558 0.45823580880094766
1.58332811372151 0.4575709597933871
1.5833130691231097 0.4569275786580383
1.5833094478452465 0.45626837495435557
1.5833078666861224 0.4556363474643998
1.5833124606860065 0.45498905624563896
1.5833159888352628 0.4543123651709134
1.5833331054770532 0.4537478802749499
1.5833421494087356 0.4530839984842865
1.5833291699172494 0.4524314401215421
1.5833409403042318 0.451787756303127
1.583336935002255 0.45114587073272505
1.5833413696310275 0.4504828369704977
1.5833539242198815 0.44993893982173866
1.5833630034281572 0.44926901030595967
1.5833695949583626 0.44857766860869536
1.583373462988668 0.4479478198188375
1.5833574792773961 0.44730532415392976
1.5833575003751565 0.44674248183817605
1.5833739000383462 0.44608483030629026
1.5833814299774014 0.4454022679067557
1.5833899120069599 0.44471186595145334
1.5833855208406826 0.44449154359688653
1.58338338689793 0.4437790918447355
1.583387755546142 0.44303767175982234
1.583401898521741 0.44236059809788253
1.583404250824223 0.4416762508357982
1.5834124660541815 0.44097825721935346
1.5834324284643535 0.44031110729025763
1.5834167103471146 0.4396614267643072
1.5834162682740751 0.4390061028265453
1.5834018402590335 0.43835450578685087
1.5834092569606182 0.43770386572699943
1.5834143600933772 0.43703749342948056
1.5834354412065608 0.43659179006097215
1.583445763305363 0.43590610152443915
1.583433235890419 0.43524171468937045
1.5834329749994918 0.43456541019493033
1.5834323180446737 0.43391550743332036
1.5834373995098336 0.4332488072853881
1.5834582059273217 0.4326050641199615
1.5834691869997448 0.4319460599594657
1.5834753888495006 0.43128460142600156
1.5834643079998403 0.4306585220469703
1.5834701041940593 0.43001614105405817
1.583466675675385 0.42938241389004644
1.5834675290675557 0.4287287307549632
1.5834766104750946 0.42816011866224885
1.583484978578173 0.42749372481295383
1.5834642902871456 0.42685143592186964
1.583469841013006 0.42621482188905563
1.5834758861453317 0.4255605088071287
1.5834765057677411 0.4249107181731825
1.583491391873392 0.4242725967398411
1.5834970728273452 0.42361099804909474
1.5835060251790825 0.4229416962641685
1.5835004889270614 0.4227358312019664
1.5834958488869926 0.4220201098874214
1.5835015605520217 0.42127183085777864
1.5835171356782773 0.4205979104304236
1.5835213683646787 0.4199189458562998
1.5835260819996693 0.41921154924936854
1.583546339129807 0.41854668194301475
1.5835279089595562 0.41789644353336963
1.5835266100172005 0.41724740799506155
1.5835273260500353 0.4165738398969672
1.5835324714230785 0.4159512638677051
1.5835368587539513 0.4153049970166931
1.5835585423962042 0.4146662611587619
1.5835676195025357 0.41400977139699774
1.583550583676823 0.4133970748530184
1.5835496532943334 0.4127506973949053
1.583549478585112 0.4121212623882947
1.5835524628992446 0.41146957306585297
1.583557636174788 0.4108037480364003
1.5835704862362996 0.41019925704854066
1.58357951492238 0.40954136944978425
1.583564514086981 0.4089032755189595
1.5835778591342398 0.4082798017316986
1.5835691527353286 0.40763350959481187
1.5835740444837714 0.4069718725503356
1.5835866301702848 0.40644972289282966
1.5835935844881084 0.4057796078905879
1.5836027704856879 0.40509627110340035
1.5836054654924798 0.4044793424211816
1.5836077150316479 0.4038271172718689
1.5835999416429192 0.4031784967889312
1.5836027287553684 0.4025151300614796
1.5836092297955697 0.40185352957386805
1.5836170550456392 0.4011687296343435
1.583626280953965 0.4004775223835212
1.583621360806888 0.40016699284842167
1.5836210528246004 0.3994825228175297
1.5836130961773807 0.39880842994629623
1.583623425211011 0.398139967425975
1.583629379662729 0.397450297573813
1.5836366885959312 0.39673245256204553
1.5836567536185557 0.39620149772123303
1.5836407524577547 0.39554914700543237
1.5836411416689362 0.39488959332178514
1.5836565068887443 0.39423399113155017
1.5836579905874055 0.393569074040252
1.5836616884006032 0.39289332731363114
1.5836655431999505 0.39218750704897104
1.5836790373633989 0.391538905889337
1.583666765666806 0.3912159163020369
1.5836812658195831 0.39054663045079596
1.5836871922118918 0.38986221928042847
1.5836864574136322 0.3891814476674214
1.5836892036584458 0.3884860909803378
1.583702079702836 0.38783352061455556
1.5837095584945504 0.3871679243410222
1.5837162193905812 0.3864952912700887
1.5837158533468452 0.3858642457926163
1.583703217878451 0.3852390896844206
1.5837037453042917 0.3845927750190222
1.583705155936637 0.3839204181311963
1.5837132002672778 0.3832945515328967
1.5837228369495868 0.3826598414235924
1.5837433032115216 0.3820092236365605
1.583733915039089 0.3813818634502173
1.5837197758288155 0.38076170705661
1.583720815452744 0.38011178080593383
1.5837346972892314 0.3794820798364737
1.583736477545389 0.37883045743980387
1.5837461661005376 0.37816720741063686
1.5837599800405486 0.37758054062763363
1.5837475669122618 0.37694031797681365
1.58374976879261 0.37628944224326744
1.5837480692049788 0.3756416931097529
1.5837559742523721 0.3749958478781897
1.5837603924584336 0.37433859818717063
1.583775833618958 0.37385787122660696
1.5837863999489932 0.3731741474384176
1.5837685371837646 0.3725226422932503
1.5837684637441911 0.37186247203227063
1.5837789344490967 0.3712219184825854
1.5837821592523493 0.3705646975094362
1.5837851941491474 0.3698893220758758
1.5837948977716572 0.36924172246882436
1.5838041294466954 0.3685812259093124
1.58381188691235 0.36791361515162424
1.5838061275924051 0.3673960698557748
1.5838044678146659 0.36675692240557856
1.5838056296607415 0.36609700718191385
1.5838226788138028 0.36544675236003765
1.583827420407537 0.36479133088136145
1.5838346415999065 0.3641248160132346
1.583841255454273 0.3634509993633901
1.5838258107436227 0.3628271451590534
1.5838317925341097 0.3621852677445358
1.5838307597714532 0.361546611336731
1.5838419649206437 0.3609124911373445
1.583846250304552 0.360267215063212
1.5838502862432815 0.3596016974694264
1.5838584023752338 0.3589296329855081
1.583854699930374 0.35877018433133384
1.5838519834019533 0.3580552226834918
1.583843616871145 0.3573499699154204
1.58385588901354 0.3566535585024272
1.583860468981446 0.3559325553518937
1.5838649243102316 0.3551924351774332
1.5838750829465034 0.354439804217092
1.5838915060331034 0.3538308117075391
1.5838827642928432 0.3534416529386467
1.5838679665595274 0.3527695348759329
1.583874566254704 0.35209677589772626
1.58387961093815 0.35140135902229985
1.5838842304912466 0.35068358340509603
1.5838907629933097 0.34994379723405156
1.583906845431856 0.3493063287481254
1.5838949256600443 0.3489988649198487
1.5839072475523759 0.3483242517280033
1.5839037183391877 0.34764893282953635
1.5839080579997726 0.34694777741521676
1.5839107821968954 0.346228395517179
1.583915413102691 0.345495336934476
1.583930525172037 0.3448358421135593
1.583938945596707 0.34417224057241896
1.5839365488254373 0.343897622492789
1.5839377298870978 0.34320586034606065
1.5839370167724574 0.3425232116163624
1.583938752307746 0.34182099404537963
1.5839387320106522 0.3411019794284155
1.5839477730448928 0.3404505943546867
1.5839573933662536 0.339788488245757
1.5839732878517443 0.33913426508516975
1.5839667937283106 0.3385037461234282
1.5839588225255583 0.33786941250021635
1.5839610774786683 0.3372207286972806
1.5839752950289774 0.3368372484316115
1.5839808809703895 0.3361493489091099
1.5839836651306205 0.33543519341435346
1.5839998351845395 0.3347555915626624
1.5839810611211902 0.3341204725174922
1.5839806080693986 0.3334646316689118
1.5839788494201346 0.3328106559800954
1.583982519502527 0.33213988168400066
1.5839913197264353 0.3314918512931694
1.5839960181135821 0.3308314454220861
1.584011180043405 0.33018755456455745
1.5840212150752113 0.3295321198596663
1.5840072236220797 0.32891721123359297
1.5840079379776961 0.3282719871375925
1.5840082610083348 0.3276272374244596
1.584017942838163 0.32699280027192157
1.5840202938332741 0.32634720675431494
1.58403246046021 0.3257146111747711
1.5840429974817594 0.3250579154004981
1.5840522789462939 0.3243945885323368
1.5840402549030546 0.32398679829843097
1.5840259039730418 0.32331857376852036
1.5840403021528078 0.3226496922913731
1.5840433578411848 0.32196152356220864
1.5840573175337156 0.3213048655693318
1.5840609092524982 0.32063600057630104
1.5840713873421832 0.31995590406335844
1.5840787356856227 0.319267641973981
1.58406689667451 0.3188222398349407
1.5840713724224484 0.3181779689467786
1.5840738288609117 0.3175087694787572
1.584075579647189 0.3168234803732205
1.5840808261801933 0.3161476305894056
1.584086143196092 0.3154603684724088
1.5840970353441681 0.3147635623442303
1.5841048179345507 0.3140625097088705
1.5840913412336244 0.3135934102684826
1.5840879085941033 0.3129576197748521
1.5840909647409056 0.3123047210427683
1.5840999398277609 0.31165788617172463
1.584104436039347 0.3109982968474802
1.5841104410394047 0.3103272034573369
1.5841201225836012 0.30964785121558397
1.5841285882599134 0.3089633401186185
1.5841253215289661 0.308719117409614
1.5841123920665492 0.3080381894507018
1.5841276172311303 0.30735430685539045
1.5841318277220198 0.306649347079087
1.58413570288011 0.3059266642152166
1.5841387156744828 0.3051905324318446
1.584147147299094 0.3044374839149402
1.5841537060291537 0.30366985115534867
1.584144535956689 0.3032625664541149
1.5841509994117893 0.3031879985201532
1.5841560704608824 0.30245623218171586
1.584160199327689 0.3016901612648819
1.584164190519229 0.300897214842033
1.5841666355963013 0.30008314693084215
1.5842186733421377 0.2992534222268083
1.584276203813792 0.29865223774469446
1.5843075116543228 0.2984310508803545
1.5843428196832396 0.2977346794893436
1.5843870949663579 0.297043064048635
1.584419674661845 0.296341270637979
1.5844468882767164 0.29562898859628545
1.5844755008925904 0.29489586608344426
1.5845006707043914 0.2941561333900758
1.5845124672648034 0.2937441701565471
1.5845210961909226 0.2930884089811564
1.5845466475286483 0.2924236863546837
1.5845489725181796 0.29176886936112945
1.5845552383372679 0.2911224858339244
1.584565536522177 0.2904628066404739
1.5845628636830675 0.2897980378269008
1.5845793109182482 0.2891289580958575
1.5845673051132958 0.2886802605465145
1.584576909382305 0.28800353697090847
1.5845787542494891 0.2873111316424271
1.58456224488215 0.28661133719389037
1.5845653485886118 0.2859458826552114
1.5845562790822172 0.285275104499719
1.584578015885142 0.285055141178399
1.5845408736154936 0.28434116689407235
1.585037370017639 0.28005297511237964
1.5845595559730326 0.2813908360478356
1.5843728182014891 0.28155687361293297
1.5842037467163963 0.2815878851160946
1.5840499379326 0.2816194815985966
1.5840277509962968 0.2812655103931021
1.5840040158887088 0.2808266865328998
1.583999266238626 0.2803913639825015
1.5839923841300525 0.2802756678209422
1.583933776329448 0.2796223179804256
1.583892802542815 0.2789596732026215
1.5847329512557204 0.2742695434213923
1.583980191214171 0.2754794052481234
1.583754826032777 0.27575865803461597
1.5835628689276244 0.27588296705099064
1.5834009072998418 0.2759339350097154
1.5832588458389256 0.27593742176682473
1.5831234560043494 0.27593939170016585
1.5831316601534833 0.27582142611891086
1.5831400083087548 0.27558522465345847
1.5831314797937497 0.27495808677240885
1.5831267806968967 0.27431362585958996
1.583124513264443 0.2736693126319626
1.5830723000429703 0.27307527663321596
1.583058297338902 0.2724507436930495
1.5830500826589164 0.2717943607738956
1.583046224478414 0.2711511888228923
1.5830314884290975 0.2704996799732943
1.5830130268721354 0.2698402370704539
1.5829954288419668 0.2691729376109961
1.5829735193644485 0.2684974883089513
1.5829470835625303 0.26782074451748983
1.5829050922660537 0.26731083450578486
1.5828820830412176 0.26666157216178676
1.5828440509831883 0.26601773679792357
1.5828047156600156 0.2653784378293094
1.5827584234901697 0.26473169257131224
1.5827175600684575 0.2640779378946476
1.582741389494279 0.2634135634854865
1.5827772293699862 0.2630939687581406
1.5827903006616049 0.2623958537230882
1.582793065282725 0.26168092860844766
1.5827711074419872 0.26093889467199505
1.5827358317966116 0.260185745715663
1.5826733780859779 0.2596180860828534
1.5826572669625134 0.25896262627182864
1.582615525230884 0.25834542649714454
1.5825806468972698 0.2576776239563975
1.5825361801424336 0.2570116426511032
1.5824848323450138 0.25634590628376186
1.582364534651317 0.25568809520908986
1.5823085116197741 0.2550150791080689
1.582234599512483 0.2543209017942061
1.5821744619842026 0.2538143643995378
1.5821942616787168 0.25354922004667035
1.5821071179652746 0.2528315261820113
1.5820111728716968 0.2521258400747365
1.581919201926816 0.2514233256317823
1.5818155691888682 0.25072868560597195
1.5816907617793576 0.250078842058269
1.5815876803085276 0.2494083565044639
1.5814737873514273 0.24873960254490618
1.5813510234824353 0.24806987404848593
1.581218288332554 0.2473923923759463
1.5810787607056527 0.24671022338778417
1.5810413900954874 0.2462974528846176
1.5808902686061188 0.24565522687651437
1.5807524863568176 0.2449837198913983
1.5806108625804667 0.24433301510145922
1.5804623997230987 0.24367550658759882
1.580308689539348 0.24301489488240985
1.5801471173494734 0.24234988621903436
1.5799807007328899 0.2416861464175742
1.5798519077241475 0.24121707454370295
1.5796672442472266 0.24055949001714563
1.5794729042091096 0.23990206094445046
1.5793176451301028 0.23926107291612606
1.579144240937354 0.23862392706809887
1.5789130084488612 0.23801972905551375
1.5787278710752335 0.23739335831550637
1.5785372718958106 0.23680664141416374
1.578344769921989 0.2361943885351179
1.5781466867760976 0.23556315771399514
1.577929377705356 0.2349291087778021
1.5777049862028807 0.2342898389132617
1.5774160129025225 0.23367447632242938
1.5774255947669003 0.23356928271913988
1.5771780692369017 0.23288947071792562
1.5764931309110686 0.22761142603254636
1.5762361225960433 0.2293712645700223
1.5760954586394855 0.22939383207976444
1.5760438901001672 0.229481933447668
1.5758524500403135 0.229222837047864
1.5756761380446924 0.22890288705871298
1.5755183935090087 0.22855632267122655
1.5752673407160653 0.22798472752965343
1.5750391815081792 0.22738536932521689
1.574743327902242 0.2268242309348673
1.5744490860889653 0.2262617073580145
1.5741483171851234 0.22570000968214643
1.5738433117951778 0.2251390914277417
1.5735924181726197 0.22462670503678325
1.5733179614228872 0.22402122647273875
1.5781296400640463 0.2178754596634267
1.5685691127504438 0.20793960138527476
1.5724440366222547 0.20787307836950927
1.5727012887742533 0.20890515223600054
1.572789560494154 0.21039991057347981
1.5727258788975143 0.21102891349464406
1.5727512647132629 0.21221026803205179
1.5727622849659453 0.2132259467127517
1.572756518767748 0.2139682820885008
1.5732160480606532 0.21540528416638596
1.573489921508905 0.21659643381540838
1.573488247762005 0.2171879402587265
1.573410015276083 0.21749459019642736
1.5732456504334043 0.21751939818252547
1.5730331830818758 0.21736083843326318
1.5728240010464145 0.21717855837936517
1.5727502993587696 0.21754660130578873
1.5726562177901184 0.21782420354766166
1.5725340854016425 0.21800171060346776
1.572387299488894 0.21810300409024316
1.5722140200100183 0.21812367850718845
1.572039696299107 0.21808885912831996
1.5718561786467315 0.21803024884216113
1.5716706836051109 0.2179384600924312
1.57149314210341 0.21782051168169914
1.5713137747256787 0.21768027692983388
1.571130508219016 0.21751595470169593
1.570936250336455 0.21730916746418055
1.570740634384683 0.21708883048405378
1.570546597460018 0.2168737450771694
1.5703459977762502 0.21662800980460992
