1.57782711 1.57782711
1.57374827 1.59376612
1.56910749 1.60937565
1.56393143 1.62467087
1.55824676 1.63966697
1.55208014 1.65437913
1.54545825 1.66882252
1.53840776 1.68301232
1.53095532 1.69696371
1.52312762 1.71069187
1.51495131 1.72421198
1.50645306 1.73753922
1.49765955 1.75068875
1.48859744 1.76367577
1.47929339 1.77651545
1.46977408 1.78922297
1.46006618 1.80181351
1.45019634 1.81430224
1.44019125 1.82670434
1.43007756 1.83903500
1.41988195 1.85130939
1.40963108 1.86354269
1.39935162 1.87575008
1.38907024 1.88794673
1.37881360 1.90014783
1.36860839 1.91236855
1.35848125 1.92462407
1.34845886 1.93692957
1.33856789 1.94930023
1.32883501 1.96175123
1.31928688 1.97429774
1.30995017 1.98695495
1.30085155 1.99973802
1.29201768 2.01266215
1.28347524 2.02574251
1.27525090 2.03899427
1.26736933 2.05243136
1.25983621 2.06605555
1.25264657 2.07986187
1.24579536 2.09384525
1.23927751 2.10800065
1.23308794 2.12232299
1.22722159 2.13680724
1.22167339 2.15144833
1.21643829 2.16624120
1.21151120 2.18118080
1.20688706 2.19626207
1.20256081 2.21147995
1.19852737 2.22682940
1.19478169 2.24230534
1.19131869 2.25790273
1.18813330 2.27361651
1.18522047 2.28944161
1.18257511 2.30537300
1.18019217 2.32140560
1.17806658 2.33753436
1.17619326 2.35375423
1.17456716 2.37006015
1.17318321 2.38644706
1.17203633 2.40290991
1.17112147 2.41944363
1.17043636 2.43604142
1.17000412 2.45268064
1.16986120 2.46933030
1.17004422 2.48595936
1.17058976 2.50253675
1.17153443 2.51903140
1.17291483 2.53541226
1.17476755 2.55164828
1.17712920 2.56770838
1.18003637 2.58356151
1.18352567 2.59917660
1.18763368 2.61452261
1.19239702 2.62956847
1.19785227 2.64428311
1.20403604 2.65863549
1.21098492 2.67259453
1.21873552 2.68612918
1.22732443 2.69920838
1.23678786 2.71180107
1.24712759 2.72387535
1.25828469 2.73539796
1.27019402 2.74633544
1.28279046 2.75665436
1.29600888 2.76632130
1.30978416 2.77530280
1.32405117 2.78356544
1.33874478 2.79107578
1.35379987 2.79780039
1.36915131 2.80370582
1.38473397 2.80875865
1.40048272 2.81292543
1.41633245 2.81617273
1.43221802 2.81846711
1.44807430 2.81977514
1.46384657 2.82007817
1.47952298 2.81941845
1.49510269 2.81785394
1.51058488 2.81544259
1.52596874 2.81224233
1.54125343 2.80831113
1.55643814 2.80370693
1.57152204 2.79848767
1.58650432 2.79271131
1.60138413 2.78643580
1.61616068 2.77971908
1.63083312 2.77261911
1.64540065 2.76519383
1.65986243 2.75750119
1.67421764 2.74959913
1.68846526 2.74154230
1.70260219 2.73335051
1.71662405 2.72502275
1.73052647 2.71655772
1.74430506 2.70795413
1.75795546 2.69921069
1.77147328 2.69032610
1.78485413 2.68129908
1.79809365 2.67212833
1.81118746 2.66281256
1.82413116 2.65335048
1.83692039 2.64374079
1.84955077 2.63398220
1.86201791 2.62407342
1.87431743 2.61401316
1.88644497 2.60380012
1.89839613 2.59343302
1.91016655 2.58291055
1.92175183 2.57223143
1.93314760 2.56139437
1.94434949 2.55039807
1.95535311 2.53924124
1.96615408 2.52792259
1.97674802 2.51644082
1.98713056 2.50479465
1.99729732 2.49298278
2.00724391 2.48100391
2.01696596 2.46885676
2.02645909 2.45654004
2.03572251 2.44405391
2.04479021 2.43141276
2.05371577 2.41863900
2.06255294 2.40575507
2.07135552 2.39278346
2.08017728 2.37974663
2.08907198 2.36666707
2.09809342 2.35356723
2.10729536 2.34046960
2.11673158 2.32739664
2.12645533 2.31437095
2.13649620 2.30142099
2.14685073 2.28858337
2.15751306 2.27589531
2.16847729 2.26339405
2.17973754 2.25111678
2.19128793 2.23910074
2.20312257 2.22738314
2.21523559 2.21600121
2.22762110 2.20499216
2.24027322 2.19439322
2.25318606 2.18424160
2.26635374 2.17457453
2.27977039 2.16542922
2.29343010 2.15684289
2.30732701 2.14885277
2.32145523 2.14149608
2.33580887 2.13481003
2.35038206 2.12883184
2.36516891 2.12359875
2.38016354 2.11914795
2.39536006 2.11551669
2.41075260 2.11274216
2.42633395 2.11085261
2.44205823 2.10960934
2.45783523 2.10846836
2.47357234 2.10686902
2.48918573 2.10434043
2.50463057 2.10081062
2.51987286 2.09631829
2.53487860 2.09090217
2.54961378 2.08460098
2.56404441 2.07745343
2.57813647 2.06949826
2.59185598 2.06077417
2.60516892 2.05131989
2.61804130 2.04117414
2.63043912 2.03037564
2.64232836 2.01896310
2.65367503 2.00697526
2.66444513 1.99445083
2.67460466 1.98142853
2.68411961 1.96794708
2.69295598 1.95404521
2.70107977 1.93976162
2.70845698 1.92513505
2.71505361 1.91020421
2.72083565 1.89500782
2.72576910 1.87958461
2.72981996 1.86397329
2.73295423 1.84821259
2.73513791 1.83234122
2.73633699 1.81639790
2.73651747 1.80042136
2.73564535 1.78445031
2.73368663 1.76852349